   8.869637] ACPI: PCI
   8.869800] ACPI: PCI
   8.869926] ACPI: PCI
  13.107268] psmouse serio1: alps:
  16.425054] VBoxService 5.0.10 r104061
6764.829681] 1 0 1 0 systemd
6764.829685] 2 0 1 0 kthreadd
6764.829688] 3 2 1 0 ksoftirqd/0
6764.829690] 5 2 1 0 kworker/0:0H
6764.829691] 6 2 1 0 kworker/u2:0
6764.829693] 7 2 1 0 rcu_sched
6764.829695] 8 2 1 0 rcu_bh
6764.829697] 9 2 1 0 migration/0
6764.829699] 10 2 1 0 watchdog/0
6764.829700] 11 2 1 0 khelper
6764.829702] 12 2 1 0 kdevtmpfs
6764.829704] 13 2 1 0 netns
6764.829705] 14 2 1 0 khungtaskd
6764.829707] 15 2 1 0 writeback
6764.829709] 16 2 1 0 ksmd
6764.829711] 17 2 1 0 khugepaged
6764.829713] 18 2 1 0 crypto
6764.829714] 19 2 1 0 kintegrityd
6764.829716] 20 2 1 0 bioset
6764.829718] 21 2 1 0 kblockd
6764.829720] 22 2 1 0 kworker/0:1
6764.829721] 23 2 1 0 kswapd0
6764.829723] 24 2 1 0 fsnotify_mark
6764.829725] 30 2 1 0 kthrotld
6764.829727] 31 2 1 0 ipv6_addrconf
6764.829729] 32 2 1 0 deferwq
6764.829731] 66 2 1 0 khubd
6764.829733] 67 2 1 0 ata_sff
6764.829734] 70 2 1 0 scsi_eh_0
6764.829736] 71 2 1 0 scsi_tmf_0
6764.829738] 72 2 1 0 scsi_eh_1
6764.829740] 73 2 1 0 scsi_tmf_1
6764.829741] 75 2 1 0 scsi_eh_2
6764.829743] 76 2 1 0 scsi_tmf_2
6764.829745] 77 2 1 0 kworker/u2:3
6764.829747] 83 2 1 0 kworker/0:1H
6764.829749] 105 2 1 0 jbd2/sda1-8
6764.829751] 106 2 1 0 ext4-rsv-conver
6764.829753] 137 2 1 0 kauditd
6764.829755] 142 1 1 0 systemd-journal
6764.829756] 148 1 1 0 systemd-udevd
6764.829758] 182 2 1 0 kpsmoused
6764.829760] 197 2 1 0 iprt-VBoxWQueue
6764.829762] 413 1 1 0 rpcbind
6764.829764] 418 1 1 0 dhclient
6764.829765] 446 1 1 106 rpc.statd
6764.829767] 451 2 1 0 rpciod
6764.829769] 453 2 1 0 nfsiod
6764.829771] 460 1 1 0 rpc.idmapd
6764.829773] 462 1 1 0 atd
6764.829775] 463 1 1 0 cron
6764.829776] 465 1 1 0 sshd
6764.829778] 468 1 1 0 systemd-logind
6764.829780] 470 1 1 105 dbus-daemon
6764.829782] 506 1 1 0 rsyslogd
6764.829784] 507 1 1 0 acpid
6764.829785] 516 1 1 0 login
6764.829787] 660 1 1 0 VBoxService
6764.829789] 779 1 1 104 exim4
6764.829791] 786 516 1 0 bash
6764.829793] 3579 2 1 0 kworker/0:0
6764.829795] 4384 2 1 0 kworker/0:2
6764.829796] 5163 786 0 0 insmod
6764.829798] 5164 148 0 0 systemd-udevd
9190.398909] 1 0 1 0 systemd
9190.398911] 2 0 1 0 kthreadd
9190.398913] 3 2 1 0 ksoftirqd/0
9190.398915] 5 2 1 0 kworker/0:0H
9190.398916] 6 2 1 0 kworker/u2:0
9190.398917] 7 2 1 0 rcu_sched
9190.398919] 8 2 1 0 rcu_bh
9190.398920] 9 2 1 0 migration/0
9190.398921] 10 2 1 0 watchdog/0
9190.398923] 11 2 1 0 khelper
9190.398924] 12 2 1 0 kdevtmpfs
9190.398925] 13 2 1 0 netns
9190.398927] 14 2 1 0 khungtaskd
9190.398928] 15 2 1 0 writeback
9190.398929] 16 2 1 0 ksmd
9190.398931] 17 2 1 0 khugepaged
9190.398932] 18 2 1 0 crypto
9190.398933] 19 2 1 0 kintegrityd
9190.398935] 20 2 1 0 bioset
9190.398936] 21 2 1 0 kblockd
9190.398937] 22 2 1 0 kworker/0:1
9190.398939] 23 2 1 0 kswapd0
9190.398940] 24 2 1 0 fsnotify_mark
9190.398942] 30 2 1 0 kthrotld
9190.398943] 31 2 1 0 ipv6_addrconf
9190.398944] 32 2 1 0 deferwq
9190.398946] 66 2 1 0 khubd
9190.398947] 67 2 1 0 ata_sff
9190.398949] 70 2 1 0 scsi_eh_0
9190.398950] 71 2 1 0 scsi_tmf_0
9190.398951] 72 2 1 0 scsi_eh_1
9190.398953] 73 2 1 0 scsi_tmf_1
9190.398954] 75 2 1 0 scsi_eh_2
9190.398955] 76 2 1 0 scsi_tmf_2
9190.398956] 77 2 1 0 kworker/u2:3
9190.398958] 83 2 1 0 kworker/0:1H
9190.398959] 105 2 1 0 jbd2/sda1-8
9190.398961] 106 2 1 0 ext4-rsv-conver
9190.398962] 137 2 1 0 kauditd
9190.398963] 142 1 1 0 systemd-journal
9190.398965] 148 1 1 0 systemd-udevd
9190.398966] 182 2 1 0 kpsmoused
9190.398967] 197 2 1 0 iprt-VBoxWQueue
9190.398969] 413 1 1 0 rpcbind
9190.398970] 418 1 1 0 dhclient
9190.398972] 446 1 1 106 rpc.statd
9190.398973] 451 2 1 0 rpciod
9190.398974] 453 2 1 0 nfsiod
9190.398976] 460 1 1 0 rpc.idmapd
9190.398977] 462 1 1 0 atd
9190.398979] 463 1 1 0 cron
9190.398980] 465 1 1 0 sshd
9190.398981] 468 1 1 0 systemd-logind
9190.398983] 470 1 1 105 dbus-daemon
9190.398984] 506 1 1 0 rsyslogd
9190.398985] 507 1 1 0 acpid
9190.398987] 516 1 1 0 login
9190.398988] 660 1 1 0 VBoxService
9190.398990] 779 1 1 104 exim4
9190.398991] 786 516 1 0 bash
9190.398992] 5308 1 1 0 ssh-agent
9190.398994] 5852 2 1 0 kworker/0:0
9190.398995] 5902 2 1 0 kworker/0:2
9190.398996] 5923 786 1 0 bash
9190.398998] 5925 148 1 0 systemd-udevd
9190.398999] 5926 5923 0 0 insmod
9200.578024] 1 0 1 0 systemd
9200.578027] 2 0 1 0 kthreadd
9200.578028] 3 2 1 0 ksoftirqd/0
9200.578029] 5 2 1 0 kworker/0:0H
9200.578030] 6 2 1 0 kworker/u2:0
9200.578032] 7 2 1 0 rcu_sched
9200.578033] 8 2 1 0 rcu_bh
9200.578034] 9 2 1 0 migration/0
9200.578035] 10 2 1 0 watchdog/0
9200.578036] 11 2 1 0 khelper
9200.578037] 12 2 1 0 kdevtmpfs
9200.578038] 13 2 1 0 netns
9200.578039] 14 2 1 0 khungtaskd
9200.578041] 15 2 1 0 writeback
9200.578042] 16 2 1 0 ksmd
9200.578043] 17 2 1 0 khugepaged
9200.578044] 18 2 1 0 crypto
9200.578045] 19 2 1 0 kintegrityd
9200.578046] 20 2 1 0 bioset
9200.578048] 21 2 1 0 kblockd
9200.578049] 22 2 1 0 kworker/0:1
9200.578050] 23 2 1 0 kswapd0
9200.578051] 24 2 1 0 fsnotify_mark
9200.578052] 30 2 1 0 kthrotld
9200.578053] 31 2 1 0 ipv6_addrconf
9200.578054] 32 2 1 0 deferwq
9200.578055] 66 2 1 0 khubd
9200.578057] 67 2 1 0 ata_sff
9200.578058] 70 2 1 0 scsi_eh_0
9200.578059] 71 2 1 0 scsi_tmf_0
9200.578060] 72 2 1 0 scsi_eh_1
9200.578061] 73 2 1 0 scsi_tmf_1
9200.578062] 75 2 1 0 scsi_eh_2
9200.578063] 76 2 1 0 scsi_tmf_2
9200.578065] 77 2 1 0 kworker/u2:3
9200.578066] 83 2 1 0 kworker/0:1H
9200.578067] 105 2 1 0 jbd2/sda1-8
9200.578068] 106 2 1 0 ext4-rsv-conver
9200.578069] 137 2 1 0 kauditd
9200.578070] 142 1 1 0 systemd-journal
9200.578071] 148 1 1 0 systemd-udevd
9200.578072] 182 2 1 0 kpsmoused
9200.578073] 197 2 1 0 iprt-VBoxWQueue
9200.578074] 413 1 1 0 rpcbind
9200.578076] 418 1 1 0 dhclient
9200.578077] 446 1 1 106 rpc.statd
9200.578078] 451 2 1 0 rpciod
9200.578079] 453 2 1 0 nfsiod
9200.578080] 460 1 1 0 rpc.idmapd
9200.578081] 462 1 1 0 atd
9200.578083] 463 1 1 0 cron
9200.578084] 465 1 1 0 sshd
9200.578085] 468 1 1 0 systemd-logind
9200.578086] 470 1 1 105 dbus-daemon
9200.578087] 506 1 1 0 rsyslogd
9200.578088] 507 1 1 0 acpid
9200.578089] 516 1 1 0 login
9200.578090] 660 1 1 0 VBoxService
9200.578092] 779 1 1 104 exim4
9200.578093] 786 516 1 0 bash
9200.578094] 5308 1 1 0 ssh-agent
9200.578095] 5852 2 1 0 kworker/0:0
9200.578096] 5902 2 1 0 kworker/0:2
9200.578098] 9445 786 1 0 bash
9200.578099] 9447 9445 0 0 insmod
9200.578100] 9448 148 0 0 systemd-udevd
